100040092322333
100043682027257
100000031870334
100000175297160
100004696874952
100009741608303
100011496338148
100013223927384
100013320159367
100014015460048
100014799038672
100014835163307
100015132249598
100015767134569
100016395099743
100016490534439
100017144044013
100017927679259
100018247174093
100018799246467
100021566947411
100021595368466
100022128307448
100022730737150
100023087684079
100023183220717
100023999174272
100025560487228
100025572914017
100026093021240
100026470002088
100026508705439
100026731861682
100026763072859
100028406225379
100028692016213
100028839824005
100029058744288
100029550752495
100029724361847
100030070505403
100030642185318
100030962001965
100030991601463
100031047951543
100031086319790
100031288988837
100031397469145
100032092742127
100033183709362
100033215513454
100033565035667
100033565187630
100034000252992
100034012476150
100034793274243
100035419095448
100035710990406
100036630203007
100037450343668
100037832293540
100037860168163
100037927728194
100038187515237
100038257853539
100038346014867
100039238991702
100039409179927
100039726016146
100040061674323
100040228651655
100040309552275
100040347613552
100040398552014
100041162557275
100041179902815
100041599322417
100041773283625
100041845033108
100042182604359
100042269359000
100042277624354
100042309257698
100042338482501
100042434262865
100042880501169
100043020842903
100043137680864
100043438931311
100043682027257
100043785304575
100044148547283
100044204629347
100044245333318
100044864507890
100045908267421
100046039543728
100046510698598
100047113193438
100047488635516
100047806390472
100048800801880
100048888945183
100049040882567
100049151900831
100049771899065
100049823508013
100049922835271
100050800363146
100051354197652
100051565383592
100051578915934
100052171162820
100053592608644
100001898345912
100004887283820
100007106464976
100007945148911
100009645818034
100010079505485
100010464435617
100011014335269
100014465569213
100014716267930
100015132249598
100018011880784
100021317045883
100022218332103
100022258953491
100022572787680
100022605793341
100022882567179
100022971049681
100023187048432
100023277706668
100023423812140
100023481038645
100023515547245
100024313492323
100024906633965
100024936678315
100024979987155
100025009820426
100025057484735
100025101699217
100025187640091
100025213950778
100025399539178
100025601886954
100025629472767
100025699836984
100025768926321
100025963744062
100026175888531
100026611868762
100026709424984
100026810017995
100027069322957
100027195323587
100027218361646
100027466661544
100027549242883
100027559818979
100027566182583
100027708941572
100027854656653
100027893173292
100027902826985
100027911261858
100028055210367
100028173769323
100028379390586
100028406225379
100028479128863
100028480574886
100028621458722
100028634852894
100028738447165
100028746040333
100028839824005
100029018792088
100029173546029
100029195222064
jiraya.permana
100029273753254
100029418751041
100029523259452
100029550752495
100029570796606
100029638931340
100029651081936
100029662575994
100029979037397
100030047652578
100030059051848
100030098085014
100030192500935
100030263472638
100030281502871
100030328534005
100030404552802
100030734461248
100030962001965
100030963152774
100031047951543
100031076572450
100031284593405
100031288988837
100031335591289
100031417441030
100031488661062
100031605783074
100032241397469
100032324885013
100032330090966
100032337306134
100032871346730
100033125194367
100033215513454
100033258168414
100033489224390
100033496282675
100033765564259
100034000252992
100034224364426
100034277880647
100034288217598
100034372454062
100034468654131
100034539952950
100034635582565
100034713579862
100034754382068
100034937356804
100034999119784
100035028761617
100035200171268
100035291693999
100035483441898
100035597943887
100035622992327
100035656697749
100035671520092
100035736825854
100035739132334
100035795312244
100035872832250
100035878210184
100035982111030
100036033922188
100036106850074
100036304942092
100036332987283
100036630203007
100036723720300
100037446976277
100037450343668
100037720330510
100037927728194
100038082162259
100038178033531
100038250635778
100038257853539
100038346014867
100038406771361
100038604422946
100038699629334
100039238991702
100039250600236
100039396496204
100039469903651
100039590604065
100040055161968
100040061674323
100040067191448
100040148809337
100040309552275
100040398552014
100040540321940
100040617314033
100040718856270
100040812794582
100041085554498
100041101278080
100041120561288
100041599322417
100041845033108
100041949524329
100041958520052
100041960403680
100042108720554
100042182604359
100042197228052
100042269359000
100043682027257
100044810501392
100045059801273
100045751843171
100046102762243
100046262779382
100046388599974
100047113193438
100047597753866
100047963923986
100048004571005
100048118098242
100048185100830
100048364239879
100048762605258
100048899767254
100048926144861
100048979658054
100049179345764
100049208290607
100049278437210
100053592608644
100000661063454
100001391617048
100003093292483
100006261872158
100010078276148
100010993427489
100011116130024
100011335576596
100011389052175
100012352931089
100012587136614
100014625153535
100014928060095
100015088446824
100015132249598
100015380047264
100016183638489
100016912600578
100017106618498
100017707684440
100018398257757
100018443415310
100018882455546
100019130859803
100020484391355
100021326119555
100021718186345
100022128307448
100022470769362
100022605793341
100022882567179
100023272871030
100023307971248
100023461939775
100023640549135
100024215912477
100024223130497
100024494808678
100024518923559
100024546588177
100024625264286
100024936678315
100025000784723
100025010510305
100025060927958
100025101699217
100025112540941
100025213950778
100025464481112
100025549214726
100025629472767
100026020084246
100026129106031
100026335037202
100026366175345
100026410663150
100026425419112
100026578662429
100026709424984
100026790254695
100027069322957
100027218361646
100027499972123
100027607937909
100027746923295
100028055210367
100028103972226
100028110534156
100028117278337
100028123333170
100028255333806
100028322181123
100028338395473
100028347730386
100028406225379
100028445991846
100028452306622
100028548905704
100028606830979
100028634852894
100028789327777
100028814257870
100028839824005
100028957157973
100029167181579
100029291123850
100029334877367
100029345401792
100029418751041
100029468434999
100029547900995
100029653493512
100029695331540
100029735172190
100029814573110
100029885599588
100029969707464
100030192500935
100030222411296
100030281502871
100030328534005
100030338748137
100030507279896
100030642185318
100030991601463
100031086319790
100031206622344
100031227496144
100031269430538
100031288988837
100031289895460
100031376563553
100031397469145
100031605783074
100031606951981
100031841131852
100032117378509
100032296024791
100032337306134
100032561770959
100032643918708
100032860942724
100033086655182
100033139847060
100033320059318
100033400381117
100033489224390
100033514718495
100033646561957
100033670613945
100034000252992
100034055689074
100034139058864
100034196481434
100034224364426
100034262963193
100034304090548
100034372454062
100034554259177
100034572542838
100034726719784
100034734842097
100034782251570
100034785459263
100034900441730
100034912092982
100035010933466
100035130362055
100035148428624
100035175459207
100035179722372
100035249821626
100035402776666
100035405286678
100035483441898
100035583453608
100035592513911
100035631603532
100035656697749
100035671520092
100035694001406
100035719502248
100035739132334
100035811306263
100035823312648
100035873703177
100035963171258
100035984122506
100036081859077
100036126431954
100036304942092
100036324823692
100036327105354
100036330638269
100036332990955
100036425229961
100036484512715
100036630203007
100036694000747
100036703239595
100036710454197
100036723720300
100036727104108
100036743091301
100036766305051
100036924791687
100036997325382
100037059607762
100037174493476
100037448570583
100037450343668
100037634160008
100037720330510
100037749292865
100037773488408
100037777732293
100037810628323
100037832293540
100038020312468
100038043788344
100038046737888
100038082162259
100038083384473
100038160829580
100038173853867
100038176741540
100038263869745
100038288449304
100038290428538
100038302871214
100038323240339
100038346014867
100038346575781
100038396340687
100038410971894
100038420900794
100038454460693
100038525961976
100038531624667
100038604422946
100038626373149
100038676440703
100038699629334
100038749854378
100038778154913
100038853600466
100038929751178
100038998043504
100039026865603
100039070155236
100039084171842
100039087852864
100039088242961
100039112090019
100039114438563
100039124813133
100039136263455
100039162383016
100039193030520
100039268999955
100039330773726
100039352740235
100039356745229
100039402846496
100039404664088
100039409179927
100039433640270
100039558646235
100039577547889
100039602280166
100039654158769
100039712517736
100039770169892
100039776732459
100040241499539
100040257111751
100040569996297
100040587638804
100040768090635
100040908319650
100040917930756
100040926472701
100041011695250
100041014389658
100041059727010
100041119606511
100041507131901
100041512208676
100041746522581
100041792837214
100041881477659
100041884935510
100041949524329
100042075531929
100042110808317
100042130065380
100042146234560
100042182604359
100042197228052
100042229804749
100042265483463
100042269359000
100042272150907
100042277624354
100042289207706
100042309257698
100042326573398
100042346790406
100042386261318
100042425386859
100042444380444
100042631785409
100042664923867
100042699668038
100042783673436
100042812957949
100042919110048
100043129355622
100043138386717
100043206276103
100050857613096
100053592608644
